import numpy as np

# Matriz A
A = np.array([
    [8.849676, 0.445774, 0.501631, 0.000000, 0.000000, 0.000000, 0.000000, 0.000000],
    [0.445774, 9.243419, 0.494761, 0.397896, 0.000000, 0.000000, 0.000000, 0.000000],
    [0.501631, 0.494761, 7.904539, 0.435418, 0.919824, 0.000000, 0.000000, 0.000000],
    [0.000000, 0.397896, 0.435418, 8.037906, 0.309195, 0.477623, 0.000000, 0.000000],
    [0.000000, 0.000000, 0.919824, 0.309195, 8.736513, 0.378814, 0.748529, 0.000000],
    [0.000000, 0.000000, 0.000000, 0.477623, 0.378814, 8.176569, 0.710548, 0.558748],
    [0.000000, 0.000000, 0.000000, 0.000000, 0.748529, 0.710548, 3.043916, 0.715428],
    [0.000000, 0.000000, 0.000000, 0.000000, 0.000000, 0.558748, 0.715428, 7.417379]
])

# Vetor B
B = np.array([17.622304, 16.303005, 7.077800, 4.933436, 12.334410, 14.625215, 0.742514, 7.108118])

# Solução aproximada
x = np.linalg.solve(A, B)

# Arredondar para 6 casas decimais
x_approx = np.round(x, 6)

print("Solução aproximada do sistema Ax = B:")
print(x_approx)
