8.849676 0.586417 0.201691 0.000000 0.000000 0.000000 0.000000 0.000000 17.622304
0.305131 9.243419 0.612152 0.365557 0.000000 0.000000 0.000000 0.000000 16.303005
0.801570 0.377371 7.904539 0.738685 0.928332 0.000000 0.000000 0.000000 7.077800
0.000000 0.430236 0.132150 8.037906 0.300039 0.272574 0.000000 0.000000 4.933436
0.000000 0.000000 0.911316 0.318351 8.736513 0.576275 0.949723 0.000000 12.334410
0.000000 0.000000 0.000000 0.682671 0.181353 8.176569 0.730080 0.541511 14.625215
0.000000 0.000000 0.000000 0.000000 0.547335 0.691017 3.043916 0.540047 0.742514
0.000000 0.000000 0.000000 0.000000 0.000000 0.575985 0.890808 7.417379 7.108118
8.849676 0.445774 0.501631 0.000000 0.000000 0.000000 0.000000 0.000000 
0.445774 9.243419 0.494761 0.397896 0.000000 0.000000 0.000000 0.000000 
0.501631 0.494761 7.904539 0.435418 0.919824 0.000000 0.000000 0.000000 
0.000000 0.397896 0.435418 8.037906 0.309195 0.477623 0.000000 0.000000 
0.000000 0.000000 0.919824 0.309195 8.736513 0.378814 0.748529 0.000000 
0.000000 0.000000 0.000000 0.477623 0.378814 8.176569 0.710548 0.558748 
0.000000 0.000000 0.000000 0.000000 0.748529 0.710548 3.043916 0.715428 
0.000000 0.000000 0.000000 0.000000 0.000000 0.558748 0.715428 7.417379 
1.880821
1.631090
0.499476
0.353403
1.332118
1.705216
-0.692442
0.896641
0.901371
